4, [(85, 89), (13, 36), (16, 40), (45, 93)],21

Optimal distance:   151.8941978624437
Optimal path:       [(42, 72), (81, 9), (78, 24), (69, 49), (57, 63)]
Calculations:       85

Optimal distance:   248.54884635644322
Optimal path:       [(63, 0), (49, 32), (10, 78), (41, 100), (50, 98), (74, 10)]
Calculations:       270

Optimal distance:   177.99796134155025
Optimal path:       [(6, 84), (12, 4), (20, 5), (26, 13), (30, 18), (33, 21), (29, 40)]
Calculations:       786

Optimal distance:   253.0546304219855
Optimal path:       [(10, 17), (35, 70), (34, 73), (72, 67), (84, 60), (92, 13), (65, 3), (49, 20)]
Calculations:       2179

Optimal distance:   253.4863591664269
Optimal path:       [(58, 24), (80, 20), (96, 19), (85, 59), (62, 72), (60, 59), (57, 49), (15, 31), (16, 1)]
Calculations:       5827

Optimal distance:   289.4267043959335
Optimal path:       [(96, 53), (100, 86), (99, 85), (75, 72), (56, 90), (12, 92), (23, 74), (13, 45), (93, 30), (92, 46)]
Calculations:       15124

Optimal distance:   297.02632753028746
Optimal path:       [(83, 39), (86, 26), (55, 23), (50, 38), (37, 18), (34, 36), (12, 81), (26, 99), (85, 90), (98, 84), (94, 78)]
Calculations:       38264

Optimal distance:   334.2168466634043
Optimal path:       [(99, 4), (69, 40), (87, 43), (89, 49), (97, 90), (93, 90), (72, 84), (13, 87), (15, 67), (36, 56), (40, 34), (54, 15)]
Calculations:       94705

Optimal distance:   304.08639173543065
Optimal path:       [(21, 19), (31, 11), (68, 5), (46, 48), (41, 57), (58, 52), (85, 67), (48, 89), (41, 98), (24, 92), (18, 50), (18, 43), (22, 31)]
Calculations:       230017

Optimal distance:   319.79424002246253
Optimal path:       [(94, 9), (93, 5), (76, 22), (72, 21), (34, 29), (26, 23), (14, 31), (48, 57), (31, 84), (72, 82), (87, 78), (98, 78), (77, 54), (79, 29)]
Calculations:       549674


