4, [(85, 89), (13, 36), (16, 40), (45, 93)],21

Optimal distance:   151.8941978624437
Optimal path:       [(42, 72), (81, 9), (78, 24), (69, 49), (57, 63)]
Calculations:       85

Optimal distance:   248.54884635644322
Optimal path:       [(63, 0), (49, 32), (10, 78), (41, 100), (50, 98), (74, 10)]
Calculations:       270

Optimal distance:   177.99796134155025
Optimal path:       [(6, 84), (12, 4), (20, 5), (26, 13), (30, 18), (33, 21), (29, 40)]
Calculations:       786

Optimal distance:   253.0546304219855
Optimal path:       [(10, 17), (35, 70), (34, 73), (72, 67), (84, 60), (92, 13), (65, 3), (49, 20)]
Calculations:       2179

Optimal distance:   253.4863591664269
Optimal path:       [(58, 24), (80, 20), (96, 19), (85, 59), (62, 72), (60, 59), (57, 49), (15, 31), (16, 1)]
Calculations:       5827

Optimal distance:   289.4267043959335
Optimal path:       [(96, 53), (100, 86), (99, 85), (75, 72), (56, 90), (12, 92), (23, 74), (13, 45), (93, 30), (92, 46)]
Calculations:       15124

Optimal distance:   297.02632753028746
Optimal path:       [(83, 39), (86, 26), (55, 23), (50, 38), (37, 18), (34, 36), (12, 81), (26, 99), (85, 90), (98, 84), (94, 78)]
Calculations:       38264

Optimal distance:   334.2168466634043
Optimal path:       [(99, 4), (69, 40), (87, 43), (89, 49), (97, 90), (93, 90), (72, 84), (13, 87), (15, 67), (36, 56), (40, 34), (54, 15)]
Calculations:       94705

Optimal distance:   304.08639173543065
Optimal path:       [(21, 19), (31, 11), (68, 5), (46, 48), (41, 57), (58, 52), (85, 67), (48, 89), (41, 98), (24, 92), (18, 50), (18, 43), (22, 31)]
Calculations:       230017

Optimal distance:   319.79424002246253
Optimal path:       [(94, 9), (93, 5), (76, 22), (72, 21), (34, 29), (26, 23), (14, 31), (48, 57), (31, 84), (72, 82), (87, 78), (98, 78), (77, 54), (79, 29)]
Calculations:       549674


4,21
5,85
6,270
7,786
8,2179
9,5827
10,15124
11,38264
12,94705
13,230017
14,549674
15,1295342
16,3015887
17,6948303
18,15861488
19,35915828


(4,21),(5,85),(6,270),(7,786),(8,2179),(9,5827),(10,15124),
(11,38264),(12,94705),(13,230017),(14,549674),(15,1295342),
(16,3015887),(17,6948303),(18,15861488),(19,35915828)



(4, 21),(5, 88),(6, 445),(7, 2676),(8, 18739),(9, 149920),(10, 1349289),(11, 13492900),(12, 148421911)

4, 21, 281.9680961690771, [(48, 8), (10, 35), (95, 95), (89, 5)]
5, 88, 277.8944303159028, [(3, 33), (42, 78), (77, 88), (100, 12), (26, 39)]
6, 445, 225.49247043287784, [(64, 80), (80, 74), (79, 11), (41, 65), (26, 93), (60, 93)]
7, 2676, 282.1201198311766, [(73, 57), (97, 26), (64, 1), (46, 28), (14, 45), (0, 69), (67, 91)]
8, 18739, 280.0772669520968, [(66, 91), (91, 84), (77, 53), (93, 35), (60, 18), (6, 19), (53, 40), (63, 61)]
9, 149920, 261.52588192512553, [(96, 43), (87, 71), (75, 83), (59, 37), (10, 7), (54, 1), (56, 1), (56, 6), (91, 27)]
10, 1349289, 287.14091023871276, [(84, 58), (84, 30), (55, 42), (43, 32), (10, 7), (37, 41), (49, 48), (63, 100), (85, 95), (84, 58)]
11, 13492900, 155.44816587416636, [(87, 88), (96, 52), (80, 57), (69, 61), (52, 59), (50, 69), (49, 73), (45, 80), (45, 80), (69, 94), (82, 96)]
12, 148421911, 316.3657238433145, [(54, 55), (49, 59), (54, 40), (36, 31), (17, 28), (19, 32), (16, 84), (30, 90), (64, 86), (95, 92), (94, 71), (100, 31)]

[21,85,270,786,2179,5827,15124,38264,94705,230017,549674,1295342,3015887,6948303,15861488,35915828]

[21,85,270,786,2179,5827,15124,38264,94705,230017,549674]
[21, 88, 445, 2676, 18739, 149920, 1349289, 13492900, 148421911,1781062944]
[x for x in range(4,14)]


4, 21, 181.2798950848857,
 [(95, 86), (86, 100), (39, 77), (92, 39)]
5, 88, 183.0130921889673,
 [(95, 7), (72, 12), (75, 26), (66, 46), (98, 82)]
6, 445, 246.21325786433906,
 [(11, 99), (32, 89), (82, 48), (65, 32), (42, 31), (14, 18)]
7, 2676, 255.7342604595026,
 [(6, 26), (36, 28), (55, 41), (77, 82), (89, 37), (85, 9), (40, 23)]
8, 18739, 260.2718327691985,
 [(41, 4), (66, 58), (81, 71), (89, 92), (81, 99), (16, 55), (7, 35), (11, 25)]
9, 149920, 324.3995935441531,
 [(83, 17), (75, 22), (42, 18), (12, 0), (37, 44), (8, 66), (11, 71), (87, 91), (78, 44)]
10, 1349289, 310.6595054181693,
 [(8, 50), (2, 90), (27, 70), (52, 61), (87, 76), (95, 15), (62, 20), (19, 19), (11, 26), (6, 44)]
11, 13492900, 308.0543821209365,
 [(33, 21), (54, 20), (95, 4), (87, 26), (47, 91), (45, 65), (48, 64), (36, 42), (19, 38), (4, 35), (9, 7)]
12, 148421911, 317.35960126642465,
 [(80, 16), (75, 38), (100, 36), (91, 57), (99, 63), (81, 87), (64, 86), (33, 96), (29, 88), (10, 13), (18, 16), (66, 19)]
13, 1781062944, 321.98459199328306,
 [(38, 56), (2, 18), (46, 13), (85, 17), (85, 42), (73, 45), (59, 48), (67, 67), (50, 67), (38, 96), (24, 93), (18, 68), (22, 60)]



4,304.4211054753521,11,
[(72, 96), (11, 4), (1, 85), (56, 51), (72, 96)]
5,272.8691844069959,27,
[(70, 69), (31, 21), (46, 7), (20, 90), (95, 67), (70, 69)]
6,318.3673290808606,49,
[(55, 84), (69, 55), (29, 2), (10, 46), (100, 51), (86, 97), (55, 84)]
7,331.58572247139386,78
,[(23, 30), (8, 51), (94, 19), (73, 13), (39, 86), (22, 10), (35, 27), (23, 30)]
8,333.7139279293837,115
,[(66, 10), (94, 14), (19, 8), (27, 65), (69, 61), (51, 58), (44, 32), (94, 5), (66, 10)]
9,484.6578740297471,161
,[(34, 10), (73, 20), (22, 49), (94, 87), (48, 99), (7, 87), (85, 48), (9, 11), (42, 6), (34, 10)]
10,366.2153107603587,217
,[(25, 71), (86, 32), (87, 99), (45, 20), (7, 22), (8, 37), (5, 70), (8, 54), (22, 63), (30, 73), (25, 71)]
11,456.7057334421989,284
,[(36, 89), (10, 38), (18, 7), (98, 95), (87, 82), (30, 16), (44, 55), (34, 70), (20, 77), (11, 71), (49, 94), (36, 89)]
12,379.0819517967741,363
,[(18, 44), (43, 39), (97, 54), (88, 83), (59, 84), (26, 92), (3, 66), (32, 87), (55, 26), (23, 24), (30, 44), (20, 40), (18, 44)]
13,454.5560317819572,455
,[(42, 56), (10, 8), (12, 27), (17, 92), (21, 74), (24, 59), (19, 6), (67, 12), (57, 34), (89, 43), (87, 70), (91, 95), (39, 58), (42, 56)]
[11,27,49,78,115,161,217,284,363,455]


4,252.35000782504642,11,[(91, 98), (86, 86), (51, 93), (18, 10), (91, 98)]
5,267.0451296230953,27,[(32, 73), (46, 41), (11, 6), (99, 51), (87, 77), (32, 73)]
6,238.40486661388547,49,[(19, 26), (36, 43), (72, 40), (95, 32), (73, 68), (1, 61), (19, 26)]
7,282.60771884520574,78,[(95, 20), (73, 25), (50, 44), (32, 62), (33, 67), (85, 68), (35, 0), (95, 20)]
8,243.3059374911465,115,[(48, 69), (35, 74), (48, 87), (87, 63), (79, 30), (65, 8), (19, 22), (20, 35), (48, 69)]
9,318.4834343449832,161,[(35, 34), (28, 19), (34, 14), (60, 45), (45, 53), (79, 70), (95, 61), (88, 24), (46, 94), (35, 34)]
10,234.0294229567254,217,[(65, 36), (73, 38), (70, 43), (79, 69), (62, 83), (35, 90), (17, 32), (27, 15), (52, 5), (60, 12), (65, 36)]
11,328.9688728201652,284,[(67, 28), (66, 20), (89, 24), (91, 43), (78, 48), (74, 92), (48, 96), (20, 69), (5, 89), (15, 26), (27, 8), (67, 28)]
12,346.06195123507933,363,[(58, 83), (62, 71), (41, 74), (40, 78), (42, 100), (34, 46), (31, 39), (24, 9), (10, 9), (87, 24), (93, 11), (93, 47), (58, 83)]
13,315.8262852092545,455,[(88, 86), (71, 72), (66, 60), (78, 48), (78, 38), (94, 21), (78, 2), (53, 10), (9, 23), (11, 29), (31, 52), (34, 66), (90, 60), (88, 86)]
[11,27,49,78,115,161,217,284,363,455]


32,[(10, 97), (53, 65), (1, 48), (15, 91), (10, 97)]
85,[(13, 33), (92, 10), (40, 92), (26, 39), (9, 26), (13, 33)]
184,[(90, 75), (75, 21), (6, 92), (98, 38), (80, 63), (90, 78), (90, 75)]
311,[(97, 53), (36, 72), (39, 34), (91, 95), (89, 44), (68, 31), (86, 42), (97, 53)]
495,[(81, 91), (73, 58), (40, 8), (34, 38), (63, 37), (70, 23), (44, 100), (58, 69), (81, 91)]
767,[(94, 40), (73, 47), (49, 70), (33, 27), (2, 65), (98, 6), (70, 68), (85, 24), (98, 29), (94, 40)]
1130,[(44, 48), (30, 62), (95, 49), (80, 34), (5, 95), (36, 95), (19, 23), (52, 29), (55, 61), (43, 52), (44, 48)]
1604,[(49, 12), (95, 49), (56, 95), (13, 87), (18, 76), (86, 88), (39, 54), (39, 79), (17, 29), (62, 38), (27, 1), (49, 12)]
2239,[(0, 36), (9, 94), (22, 93), (69, 34), (82, 44), (55, 26), (41, 24), (51, 78), (48, 61), (26, 51), (32, 14), (25, 39), (0, 36)]
3076,[(78, 28), (16, 22), (10, 98), (73, 94), (83, 62), (95, 49), (94, 47), (22, 42), (26, 59), (49, 47), (51, 56), (59, 16), (66, 26), (78, 28)]


19,[(96, 47), (90, 10), (96, 47), (36, 42), (96, 47), (19, 49), (96, 47)]
48,[(89, 73), (56, 71), (89, 73), (78, 35), (89, 73), (69, 38), (89, 73), (38, 38), (89, 73)]
89,[(95, 50), (92, 7), (95, 50), (32, 42), (95, 50), (16, 37), (95, 50), (12, 52), (95, 50), (4, 6), (95, 50)]
144,[(48, 68), (40, 56), (48, 68), (45, 85), (48, 68), (66, 77), (48, 68), (27, 59), (48, 68), (22, 92), (48, 68), (95, 51), (48, 68)]
215,[(40, 100), (4, 89), (40, 100), (80, 77), (40, 100), (95, 72), (40, 100), (76, 37), (40, 100), (77, 6), (40, 100), (98, 17), (40, 100), (96, 4), (40, 100)]
304,[(59, 96), (76, 83), (59, 96), (84, 88), (59, 96), (22, 97), (59, 96), (97, 70), (59, 96), (67, 30), (59, 96), (78, 7), (59, 96), (50, 0), (59, 96), (23, 5), (59, 96)]
413,[(37, 36), (32, 35), (37, 36), (48, 28), (37, 36), (45, 53), (37, 36), (1, 24), (37, 36), (75, 10), (37, 36), (70, 73), (37, 36), (54, 92), (37, 36), (49, 96), (37, 36), (95, 63), (37, 36)]
544,[(24, 97), (32, 88), (24, 97), (44, 50), (24, 97), (27, 45), (24, 97), (32, 23), (24, 97), (34, 20), (24, 97), (12, 18), (24, 97), (80, 30), (24, 97), (85, 2), (24, 97), (94, 7), (24, 97), (98, 0), (24, 97)]
699,[(77, 49), (74, 55), (77, 49), (83, 46), (77, 49), (78, 36), (77, 49), (93, 41), (77, 49), (36, 46), (77, 49), (92, 88), (77, 49), (35, 27), (77, 49), (62, 94), (77, 49), (49, 91), (77, 49), (34, 8), (77, 49), (29, 6), (77, 49)]
880,[(42, 50), (46, 50), (42, 50), (45, 70), (42, 50), (63, 63), (42, 50), (15, 54), (42, 50), (17, 37), (42, 50), (77, 65), (42, 50), (32, 8), (42, 50), (45, 5), (42, 50), (1, 17), (42, 50), (93, 29), (42, 50), (12, 100), (42, 50), (99, 96), (42, 50)]

HK
[21,64,185,516,1393,3648,9297,23140,56441,135312]
CH
[32,53,84,142,184,272,391,502,680,792]
[26,47,83,135,192,278,369,480,600,787]
NN
[19,29,41,55,71,89,109,131,155,181]